# Sys  At_Num  P(GPa)  Lat_Const(Å)  Vol(Å^3)  Bond_L(A)  RWIGS(Å)  Energy(eV)  Enthalpy(eV)  E-fermi(eV)  C11(GPa)  C12(GPa)  C44(GPa)  B_Mod(GPa)  Young(GPa)  Shear(GPa)  Poisson  Val_e_tot  Val_e_s  Val_e_p  Val_e_d  Val_e_f  DelRho_AvgAtom  DelRho_Tetra  DelRho_Octa  Bader_Ch  Octa_ELF  Tetra_ELF  Avg_ELF
Rb    37,37       0.00      5.1148      133.81     4.430  2.418            -1.691470     -1.691470     0.8588      6.37      5.89      3.82        6.05       6.86       2.39   0.4369    18.00     6.00    12.00     0.00     0.00  -2.6212e-01  3.9534e-01  3.6242e-01  0.00                  0.3414    0.4453    0.2539
Rb    37,37       5.00      4.6160       98.36     3.998  2.418            -1.021680      2.047817     1.9646     11.92     10.82      4.77       11.19       8.98       3.08   0.4554    18.00     6.00    12.00     0.00     0.00  6.1980e+00  4.2942e-01  3.8479e-01  0.00                  0.2428    0.3564    0.2555
Rb    37,37      10.00      4.2760       78.18     3.703  2.418            -0.088122      4.791637     3.0380     11.61     12.98      7.29       12.52      11.86       4.10   0.4474    18.00     6.00    12.00     0.00     0.00  9.6379e+00  4.8796e-01  4.4692e-01  0.00                  0.1906    0.2795    0.2679
Rb    37,37      15.00      4.0235       65.14     3.484  2.418             0.935660      7.033822     3.9550      6.46     20.14      9.02       15.58       7.87       2.67   0.4719    18.00     6.00    12.00     0.00     0.00  9.8960e+00  5.6233e-01  6.1948e-01  0.00                  0.1859    0.2265    0.2857
Rb    37,37      20.00      3.8369       56.49     3.323  2.418             1.884632      8.935673     4.7855     10.50     23.13      8.74       18.92       8.03       2.72   0.4764    18.00     6.00    12.00     0.00     0.00  8.8796e+00  6.1642e-01  7.8151e-01  0.01                  0.1860    0.1847    0.3035
Rb    37,37      50.00      3.3327       37.02     2.886  2.418             5.631142     17.182768     7.9217    117.03     79.46     37.93       91.98      87.62      30.27   0.4471    18.00     6.00    12.00     0.00     0.00  -2.2853e-01  6.2351e-01  1.2090e+00  0.00                  0.1842    0.1333    0.3683
Rb    37,37      75.00      3.1973       32.69     2.769  2.418             7.280357     22.581272     8.9622    208.20    181.57     30.62      190.45      70.13      23.70   0.4795    18.00     6.00    12.00     0.00     0.00  -9.7714e-01  6.1058e-01  1.2803e+00  0.00                  0.1912    0.1271    0.3864
Rb    37,37     100.00      3.1124       30.15     2.695  2.418             8.654350     27.473006     9.6538    223.62    268.80      1.63      253.74     -24.25      -8.06   0.5053    18.00     6.00    12.00     0.00     0.00  -4.6493e-01  6.0654e-01  1.3116e+00  -0.00                 0.1982    0.1268    0.3972
Rb    37,37     125.00      3.0471       28.29     2.639  2.418             9.952393     32.026240    10.2260    272.95    330.64     -2.01      311.41     -38.42     -12.75   0.5069    18.00     6.00    12.00     0.00     0.00  -7.5813e-02  5.9660e-01  1.3364e+00  0.00                  0.2053    0.1274    0.4054
Rb    37,37     150.00      2.9942       26.84     2.593  2.418            11.191427     36.323176    10.7172    322.18    389.35     -7.65      366.96     -54.37     -18.02   0.5082    18.00     6.00    12.00     0.00     0.00  3.3208e-01  5.8093e-01  1.3421e+00  0.00                  0.2106    0.1284    0.4119
Sr    38,38       0.00      4.6892      103.11     4.061  2.138            -3.256409     -3.256409     1.7994     17.33     12.43     16.46       14.07      30.00      10.86   0.3815    20.00     8.00    12.00     0.00     0.00  -5.1126e+01  6.7117e-01  6.7677e-01  -0.00                 0.5437    0.5751    0.3315
Sr    38,38       5.00      4.3491       82.26     3.766  2.138            -2.933695     -0.366534     2.5898     28.38     17.79     21.91       21.32      42.42      15.26   0.3895    20.00     8.00    12.00     0.00     0.00  -3.5623e+01  5.1108e-01  6.7523e-01  -0.00                 0.5394    0.5789    0.3249
Sr    38,38      10.00      4.1184       69.85     3.567  2.138            -2.357758      2.002192     3.2811     35.19     24.85     24.68       28.30      47.48      16.87   0.4068    20.00     8.00    12.00     0.00     0.00  -2.5952e+01  4.3468e-01  6.8842e-01  0.00                  0.5139    0.5499    0.3219
Sr    38,38      15.00      3.9690       62.52     3.437  2.138            -1.777789      4.075849     3.8055     47.39     30.86     27.09       36.37      55.36      19.56   0.4154    20.00     8.00    12.00     0.00     0.00  -2.0470e+01  4.1066e-01  7.2541e-01  0.00                  0.4924    0.5043    0.3216
Sr    38,38      20.00      3.8591       57.47     3.342  2.138            -1.224896      5.949180     4.2384     47.38     36.23     26.78       39.95      52.23      18.30   0.4274    20.00     8.00    12.00     0.00     0.00  -1.6716e+01  3.9753e-01  7.3819e-01  -0.01                 0.4641    0.4774    0.3222
Sr    38,38      50.00      3.4372       40.61     2.977  2.138             2.187305     14.860248     6.5329     91.94     64.04     27.78       73.34      64.57      22.25   0.4511    20.00     8.00    12.00     0.00     0.00  -7.8411e+00  3.7704e-01  8.0800e-01  0.00                  0.3301    0.3609    0.3369
Sr    38,38      75.00      3.2555       34.50     2.819  2.138             4.523882     20.674436     7.9321    105.42    117.41     45.07      113.41      72.19      24.65   0.4646    20.00     8.00    12.00     0.00     0.00  -7.5395e+00  3.9834e-01  8.4795e-01  0.00                  0.2829    0.2976    0.3513
Sr    38,38     100.00      3.1223       30.44     2.704  2.138             6.730256     25.728822     9.0761     -7.16    180.71     54.89      118.09     -13.98      -4.64   0.5066    20.00     8.00    12.00     0.00     0.00  -1.1258e+01  3.3441e-01  7.0653e-01  0.00                  0.2370    0.2456    0.3642
Sr    38,38     125.00      3.0278       27.76     2.622  2.138             8.593099     30.249954    10.0023    106.54    287.44    132.27      227.14     126.86      43.18   0.4690    20.00     8.00    12.00     0.00     0.00  -1.4994e+01  2.8211e-01  5.8337e-01  0.00                  0.2102    0.2167    0.3754
Sr    38,38     150.00      2.9687       26.16     2.571  2.138             9.954544     34.449675    10.5766    226.63    414.44    152.85      351.83     159.71      54.15   0.4748    20.00     8.00    12.00     0.00     0.00  -1.5578e+01  2.8429e-01  5.5059e-01  0.00                  0.2017    0.2063    0.3827
Y     39,39       0.00      4.0241       65.16     3.485  1.815           -12.615694    -12.615694     3.1860     29.43     45.05     23.89       39.84      32.62      11.21   0.4545    22.00     6.00    12.00     4.00     0.00  1.7767e+01  2.0298e+00  2.0647e+00  0.00                  0.5633    0.6331    0.3413
Y     39,39       5.00      3.8842       58.60     3.364  1.815           -12.506584    -10.677815     3.7265     21.48     61.48     23.27       48.15      17.65       5.96   0.4796    22.00     6.00    12.00     4.00     0.00  1.9854e+01  1.9438e+00  1.9827e+00  -0.01                 0.5406    0.6003    0.3347
Y     39,39      10.00      3.7850       54.22     3.278  1.815           -12.300870     -8.916493     4.1314     10.50     81.28     22.01       57.68      -2.85      -0.95   0.5027    22.00     6.00    12.00     4.00     0.00  2.1184e+01  1.8722e+00  1.8993e+00  -0.00                 0.5127    0.5828    0.3305
Y     39,39      15.00      3.6983       50.58     3.203  1.815           -12.019062     -7.283439     4.4982     -5.17    100.35     18.89       65.18     -29.82      -9.77   0.5254    22.00     6.00    12.00     4.00     0.00  2.2216e+01  1.7931e+00  1.8116e+00  0.00                  0.4783    0.5809    0.3269
Y     39,39      20.00      3.6248       47.63     3.139  1.815           -11.695829     -5.750778     4.8264    -21.66    114.69     15.90       69.24     -54.75     -17.73   0.5439    22.00     6.00    12.00     4.00     0.00  2.3006e+01  1.7209e+00  1.7237e+00  0.00                  0.4519    0.5614    0.3244
Y     39,39      50.00      3.3436       37.38     2.896  1.815            -9.582748      2.083186     6.2819     10.17    167.13     -7.62      114.81    -111.78     -35.96   0.5541    22.00     6.00    12.00     4.00     0.00  2.4320e+01  1.4043e+00  1.3269e+00  -0.00                 0.3473    0.4594    0.3200
Y     39,39      75.00      3.2018       32.82     2.773  1.815            -7.828515      7.537005     7.1593     61.07    195.74    -11.85      150.85    -104.75     -34.04   0.5386    22.00     6.00    12.00     4.00     0.00  2.3348e+01  1.2486e+00  1.1112e+00  0.00                  0.3013    0.4038    0.3226
Y     39,39     100.00      3.0915       29.55     2.677  1.815            -6.047124     12.393954     7.9731    114.61    216.03      7.87      182.22     -47.14     -15.56   0.5144    22.00     6.00    12.00     4.00     0.00  2.0398e+01  1.0707e+00  8.2161e-01  0.00                  0.2565    0.3562    0.3266
Y     39,39     125.00      3.0114       27.31     2.608  1.815            -4.484054     16.821484     8.6160    135.82    274.51     -0.64      228.28     -85.53     -28.12   0.5208    22.00     6.00    12.00     4.00     0.00  1.8103e+01  9.5977e-01  6.6387e-01  0.00                  0.2341    0.3283    0.3315
Y     39,39     150.00      2.9481       25.62     2.553  1.815            -3.043461     20.945977     9.1603    191.32    334.87     22.31      287.02     -46.25     -15.32   0.5090    22.00     6.00    12.00     4.00     0.00  1.5897e+01  8.6458e-01  5.4205e-01  0.00                  0.2190    0.3076    0.3362
Zr    40,40       0.00      3.5620       45.19     3.085  1.625           -16.870051    -16.870051     9.0403     85.71     92.15     35.49       90.00      58.57      20.01   0.4638    24.00     6.00    12.00     6.00     0.00  1.4546e+01  1.9713e+00  1.5498e+00  0.00                  0.4062    0.5532    0.3485
Zr    40,40       5.00      3.5021       42.95     3.033  1.625           -16.824209    -15.483746     9.6286     99.23     98.86     34.94       98.98      61.66      21.04   0.4654    24.00     6.00    12.00     6.00     0.00  1.5309e+01  1.9132e+00  1.4846e+00  0.00                  0.3921    0.5437    0.3479
Zr    40,40      10.00      3.4510       41.10     2.989  1.625           -16.728229    -14.162975    10.1547    108.66    109.65     36.45      109.32      63.61      21.67   0.4677    24.00     6.00    12.00     6.00     0.00  1.5920e+01  1.8566e+00  1.4221e+00  -0.00                 0.3788    0.5338    0.3476
Zr    40,40      15.00      3.4064       39.53     2.950  1.625           -16.598560    -12.898094    10.6357    125.43    117.97     43.03      120.46      79.92      27.31   0.4631    24.00     6.00    12.00     6.00     0.00  1.6391e+01  1.8071e+00  1.3648e+00  -0.00                 0.3666    0.5246    0.3476
Zr    40,40      20.00      3.3672       38.18     2.916  1.625           -16.445175    -11.679616    11.0784    142.11    120.44     42.96      127.66      88.03      30.11   0.4617    24.00     6.00    12.00     6.00     0.00  1.6753e+01  1.7616e+00  1.3132e+00  0.00                  0.3559    0.5155    0.3478
Zr    40,40      50.00      3.1960       32.65     2.768  1.625           -15.275294     -5.087039    13.2228    217.81    167.93     70.41      184.56     151.88      52.22   0.4543    24.00     6.00    12.00     6.00     0.00  1.7478e+01  1.5440e+00  1.0536e+00  0.00                  0.3085    0.4655    0.3506
Zr    40,40      75.00      3.0991       29.76     2.684  1.625           -14.162215     -0.229213    14.5958    305.92    204.43    103.07      238.26     237.33      82.14   0.4447    24.00     6.00    12.00     6.00     0.00  1.7235e+01  1.4236e+00  8.9256e-01  0.00                  0.2842    0.4354    0.3543
Zr    40,40     100.00      3.0247       27.67     2.620  1.625           -13.026204      4.246321    15.7594    368.62    231.42    137.66      277.16     316.16     110.03   0.4366    24.00     6.00    12.00     6.00     0.00  1.6730e+01  1.3234e+00  7.5626e-01  -0.00                 0.2668    0.4115    0.3582
Zr    40,40     125.00      2.9638       26.03     2.567  1.625           -11.881195      8.430967    16.8072    428.58    279.48    155.41      329.18     354.47     123.07   0.4402    24.00     6.00    12.00     6.00     0.00  1.6008e+01  1.2258e+00  6.2022e-01  0.00                  0.2519    0.3908    0.3619
Zr    40,40     150.00      2.9140       24.74     2.524  1.625           -10.774986     12.390116    17.7265    473.73    323.80    173.80      373.77     387.34     134.27   0.4424    24.00     6.00    12.00     6.00     0.00  1.5410e+01  1.1495e+00  5.1806e-01  0.00                  0.2417    0.3753    0.3655
Nb    41,41       0.00      3.3225       36.68     2.877  1.503           -20.186731    -20.186731     4.8290    255.02    133.28     23.20      173.86     112.06      38.27   0.4642    22.00     2.00    12.00     8.00     0.00  -5.1249e+00  2.0035e+00  1.3609e+00  -0.00                 0.3688    0.5116    0.3154
Nb    41,41       5.00      3.2919       35.67     2.851  1.503           -20.170990    -19.057725     5.0553    269.44    144.61     20.83      186.22     109.93      37.46   0.4672    22.00     2.00    12.00     8.00     0.00  -5.0097e+00  1.9857e+00  1.3348e+00  0.00                  0.3650    0.5076    0.3151
Nb    41,41      10.00      3.2651       34.81     2.828  1.503           -20.130517    -17.957925     5.2581    284.18    155.48     21.76      198.38     113.92      38.80   0.4681    22.00     2.00    12.00     8.00     0.00  -4.9062e+00  1.9685e+00  1.3090e+00  0.00                  0.3614    0.5038    0.3149
Nb    41,41      15.00      3.2404       34.02     2.806  1.503           -20.069329    -16.883923     5.4479    301.86    166.23     22.48      211.44     119.30      40.62   0.4687    22.00     2.00    12.00     8.00     0.00  -4.8085e+00  1.9524e+00  1.2837e+00  0.00                  0.3579    0.5003    0.3147
Nb    41,41      20.00      3.2176       33.31     2.786  1.503           -19.991402    -15.833251     5.6290    321.04    175.95     22.88      224.31     125.59      42.75   0.4689    22.00     2.00    12.00     8.00     0.00  -4.7149e+00  1.9346e+00  1.2570e+00  -0.00                 0.3545    0.4965    0.3145
Nb    41,41      50.00      3.1103       30.09     2.694  1.503           -19.308799     -9.918909     6.5558    382.82    245.20     18.00      291.08     113.32      38.33   0.4784    22.00     2.00    12.00     8.00     0.00  -4.2476e+00  1.8380e+00  1.1134e+00  0.00                  0.3365    0.4776    0.3138
Nb    41,41      75.00      3.0434       28.19     2.636  1.503           -18.572959     -5.377674     7.1929    491.75    288.90     40.58      356.52     190.89      64.92   0.4703    22.00     2.00    12.00     8.00     0.00  -3.9210e+00  1.7535e+00  1.0005e+00  -0.00                 0.3232    0.4635    0.3133
Nb    41,41     100.00      2.9899       26.73     2.589  1.503           -17.779218     -1.097318     7.7676    583.84    331.27     62.96      415.46     258.75      88.29   0.4654    22.00     2.00    12.00     8.00     0.00  -3.6487e+00  1.6736e+00  9.0208e-01  0.00                  0.3120    0.4510    0.3132
Nb    41,41     125.00      2.9456       25.56     2.551  1.503           -16.959525      2.979440     8.3035    701.02    367.44    112.70      478.63     390.81     134.33   0.4546    22.00     2.00    12.00     8.00     0.00  -3.4070e+00  1.6207e+00  8.3664e-01  0.00                  0.3032    0.4431    0.3135
Nb    41,41     150.00      2.9076       24.58     2.518  1.503           -16.123974      6.888818     8.7843    817.39    409.39    157.70      545.39     510.34     176.22   0.4480    22.00     2.00    12.00     8.00     0.00  -3.1892e+00  1.5717e+00  7.7780e-01  -0.00                 0.2954    0.4359    0.3139
Mo    42,42       0.00      3.1593       31.53     2.736  1.455           -21.847085    -21.847085    12.0438    470.09    158.91    103.81      262.64     354.87     124.52   0.4249    24.00     2.00    12.00    10.00     0.00  -6.7480e+00  2.1144e+00  1.3514e+00  -0.00                 0.3609    0.4830    0.3213
Mo    42,42       5.00      3.1402       30.96     2.719  1.455           -21.838147    -20.871844    12.3332    465.93    181.05    100.39      276.01     335.78     117.21   0.4324    24.00     2.00    12.00    10.00     0.00  -6.6627e+00  2.1181e+00  1.3468e+00  0.00                  0.3601    0.4830    0.3217
Mo    42,42      10.00      3.1221       30.43     2.704  1.455           -21.813153    -19.913752    12.6125    491.21    191.49    107.38      291.39     356.23     124.37   0.4321    24.00     2.00    12.00    10.00     0.00  -6.5792e+00  2.1214e+00  1.3418e+00  -0.00                 0.3593    0.4829    0.3220
Mo    42,42      15.00      3.1057       29.96     2.690  1.455           -21.775890    -18.971352    12.8682    518.32    200.11    115.18      306.18     379.95     132.75   0.4311    24.00     2.00    12.00    10.00     0.00  -6.5034e+00  2.1252e+00  1.3377e+00  0.00                  0.3586    0.4831    0.3224
Mo    42,42      20.00      3.0904       29.51     2.676  1.455           -21.727671    -18.043398    13.1256    547.27    207.76    123.81      320.93     406.55     142.19   0.4296    24.00     2.00    12.00    10.00     0.00  -6.4241e+00  2.1265e+00  1.3342e+00  0.00                  0.3582    0.4830    0.3227
Mo    42,42      50.00      3.0136       27.37     2.610  1.455           -21.270843    -12.729775    14.4429    672.46    267.06    157.72      402.19     502.74     175.71   0.4306    24.00     2.00    12.00    10.00     0.00  -6.0192e+00  2.1230e+00  1.2916e+00  0.01                  0.3524    0.4813    0.3241
Mo    42,42      75.00      2.9638       26.03     2.567  1.455           -20.754627     -8.567354    15.3748    789.91    309.13    188.25      469.39     597.74     209.11   0.4293    24.00     2.00    12.00    10.00     0.00  -5.7321e+00  2.1110e+00  1.2488e+00  0.00                  0.3469    0.4798    0.3250
Mo    42,42     100.00      2.9216       24.94     2.530  1.455           -20.157771     -4.592961    16.2009    882.31    351.33    218.95      528.32     678.78     237.56   0.4286    24.00     2.00    12.00    10.00     0.00  -5.4685e+00  2.0844e+00  1.2041e+00  0.00                  0.3417    0.4764    0.3255
Mo    42,42     125.00      2.8849       24.01     2.498  1.455           -19.505955     -0.774277    16.9260    944.72    393.37    238.81      577.16     725.25     253.55   0.4302    24.00     2.00    12.00    10.00     0.00  -5.2182e+00  2.0493e+00  1.1538e+00  0.00                  0.3360    0.4723    0.3259
Mo    42,42     150.00      2.8534       23.23     2.471  1.455           -18.840359      2.910274    17.5766   1021.99    446.76    261.59      638.50     779.13     272.00   0.4322    24.00     2.00    12.00    10.00     0.00  -5.0110e+00  2.0224e+00  1.1211e+00  0.00                  0.3322    0.4692    0.3264
Tc    43,43       0.00      3.0754       29.09     2.663  1.423           -20.195045    -20.195045    13.0135    286.62    294.89    128.52      292.13     220.05      75.46   0.4582    26.00     2.00    12.00    12.00     0.00  -7.2651e+00  1.8341e+00  1.3013e+00  0.00                  0.3448    0.4018    0.3280
Tc    43,43       5.00      3.0612       28.69     2.651  1.423           -20.187604    -19.292398    13.2583    303.65    312.19    135.14      309.34     231.53      79.38   0.4584    26.00     2.00    12.00    12.00     0.00  -7.2234e+00  1.8411e+00  1.3016e+00  0.00                  0.3449    0.4030    0.3290
Tc    43,43      10.00      3.0436       28.20     2.636  1.423           -20.162974    -18.403178    13.5670    323.64    327.47    143.35      326.19     248.52      85.25   0.4577    26.00     2.00    12.00    12.00     0.00  -7.1680e+00  1.8491e+00  1.3014e+00  -0.00                 0.3449    0.4043    0.3301
Tc    43,43      15.00      3.0310       27.85     2.625  1.423           -20.134664    -17.527637    13.7927    339.24    342.73    151.28      341.57     262.52      90.07   0.4573    26.00     2.00    12.00    12.00     0.00  -7.1261e+00  1.8544e+00  1.3007e+00  0.00                  0.3448    0.4053    0.3310
Tc    43,43      20.00      3.0163       27.44     2.612  1.423           -20.089630    -16.663922    14.0612    356.99    361.38    160.12      359.92     277.43      95.20   0.4572    26.00     2.00    12.00    12.00     0.00  -7.0755e+00  1.8600e+00  1.2989e+00  -0.00                 0.3447    0.4063    0.3319
Tc    43,43      50.00      2.9493       25.65     2.554  1.423           -19.701817    -11.695629    15.3394    415.90    463.86    186.80      447.88     299.85     102.49   0.4628    26.00     2.00    12.00    12.00     0.00  -6.8107e+00  1.8790e+00  1.2870e+00  0.00                  0.3433    0.4103    0.3362
Tc    43,43      75.00      2.9058       24.54     2.517  1.423           -19.266619     -7.781104    16.2240    491.69    543.38    220.11      526.15     356.03     121.73   0.4624    26.00     2.00    12.00    12.00     0.00  -6.6138e+00  1.8829e+00  1.2710e+00  -0.00                 0.3417    0.4120    0.3390
Tc    43,43     100.00      2.8680       23.59     2.484  1.423           -18.751942     -4.027244    17.0295    555.94    599.67    250.50      585.09     413.55     141.56   0.4607    26.00     2.00    12.00    12.00     0.00  -6.4148e+00  1.8750e+00  1.2514e+00  0.00                  0.3402    0.4121    0.3413
Tc    43,43     125.00      2.8360       22.81     2.456  1.423           -18.202966     -0.406918    17.7457    593.47    682.72    258.08      652.97     401.63     137.00   0.4658    26.00     2.00    12.00    12.00     0.00  -6.2362e+00  1.8635e+00  1.2298e+00  -0.00                 0.3382    0.4116    0.3433
Tc    43,43     150.00      2.8073       22.12     2.431  1.423           -17.615423      3.098573    18.4080    649.70    746.39    287.10      714.16     448.11     152.92   0.4651    26.00     2.00    12.00    12.00     0.00  -6.0726e+00  1.8524e+00  1.2095e+00  0.00                  0.3363    0.4113    0.3452
Ru    44,44       0.00      3.0524       28.44     2.643  1.402           -17.216887    -17.216887    12.1659     43.93    392.36    179.21      276.21     111.82      37.84   0.4775    28.00     2.00    12.00    14.00     0.00  -6.5196e+00  1.4076e+00  1.2187e+00  -0.00                 0.3139    0.3120    0.2883
Ru    44,44       5.00      3.0349       27.95     2.628  1.402           -17.208948    -16.336587    12.4729     54.11    415.61    189.50      295.11     122.30      41.40   0.4770    28.00     2.00    12.00    14.00     0.00  -6.4304e+00  1.4172e+00  1.2243e+00  0.00                  0.3154    0.3139    0.2895
Ru    44,44      10.00      3.0190       27.52     2.615  1.402           -17.188185    -15.470683    12.7572     64.87    438.96    202.54      314.27     137.84      46.71   0.4756    28.00     2.00    12.00    14.00     0.00  -6.3448e+00  1.4253e+00  1.2290e+00  0.00                  0.3167    0.3156    0.2906
Ru    44,44      15.00      3.0046       27.12     2.602  1.402           -17.157278    -14.617771    13.0205     73.18    460.42    213.24      331.34     148.97      50.50   0.4750    28.00     2.00    12.00    14.00     0.00  -6.2629e+00  1.4323e+00  1.2329e+00  0.00                  0.3179    0.3172    0.2915
Ru    44,44      20.00      2.9908       26.75     2.590  1.402           -17.115853    -13.776280    13.2788    100.04    481.77    224.36      354.53     171.68      58.27   0.4731    28.00     2.00    12.00    14.00     0.00  -6.1769e+00  1.4379e+00  1.2368e+00  0.00                  0.3187    0.3185    0.2924
Ru    44,44      50.00      2.9231       24.98     2.531  1.402           -16.736729     -8.942263    14.6049    165.75    600.84    285.77      455.81     248.23      84.45   0.4697    28.00     2.00    12.00    14.00     0.00  -5.7247e+00  1.4611e+00  1.2480e+00  0.00                  0.3230    0.3249    0.2967
Ru    44,44      75.00      2.8797       23.88     2.494  1.402           -16.311522     -5.132996    15.5169    214.26    691.79    330.80      532.61     302.44     102.98   0.4685    28.00     2.00    12.00    14.00     0.00  -5.3933e+00  1.4691e+00  1.2491e+00  0.00                  0.3250    0.3284    0.2994
Ru    44,44     100.00      2.8432       22.98     2.462  1.402           -15.824188     -1.478232    16.3207    240.31    777.50    366.99      598.44     331.34     112.76   0.4692    28.00     2.00    12.00    14.00     0.00  -5.0868e+00  1.4703e+00  1.2468e+00  0.00                  0.3261    0.3309    0.3015
Ru    44,44     125.00      2.8117       22.23     2.435  1.402           -15.293349      2.048381    17.0477    285.14    856.52    406.20      666.06     380.13     129.45   0.4683    28.00     2.00    12.00    14.00     0.00  -4.8011e+00  1.4667e+00  1.2424e+00  0.00                  0.3266    0.3326    0.3034
Ru    44,44     150.00      2.7840       21.58     2.411  1.402           -14.736958      5.465500    17.7113    333.69    937.81    448.91      736.44     435.81     148.52   0.4671    28.00     2.00    12.00    14.00     0.00  -4.5328e+00  1.4587e+00  1.2391e+00  0.00                  0.3269    0.3335    0.3049
Rh    45,45       0.00      3.0651       28.80     2.654  1.402           -13.843756    -13.843756    10.7332     22.38    337.79    123.69      232.65      33.21      11.13   0.4921    18.00     2.00     0.00    16.00     0.00  -6.9880e+00  9.8442e-01  9.3150e-01  0.00                  0.2413    0.2454    0.2229
Rh    45,45       5.00      3.0442       28.21     2.636  1.402           -13.834429    -12.954069    11.0916     31.95    365.14    133.79      254.08      40.67      13.64   0.4911    18.00     2.00     0.00    16.00     0.00  -6.9607e+00  9.9781e-01  9.4217e-01  0.00                  0.2443    0.2486    0.2243
Rh    45,45      10.00      3.0253       27.69     2.620  1.402           -13.810066    -12.081787    11.4234     36.88    394.00    146.12      274.96      48.43      16.25   0.4902    18.00     2.00     0.00    16.00     0.00  -6.9291e+00  1.0096e+00  9.5145e-01  0.00                  0.2470    0.2515    0.2255
Rh    45,45      15.00      3.0093       27.25     2.606  1.402           -13.775626    -11.224283    11.7135     46.24    418.48    156.73      294.40      58.33      19.59   0.4890    18.00     2.00     0.00    16.00     0.00  -6.8974e+00  1.0193e+00  9.5898e-01  0.00                  0.2492    0.2540    0.2266
Rh    45,45      20.00      2.9931       26.81     2.592  1.402           -13.727636    -10.380570    12.0131     56.39    443.68    165.59      314.59      65.18      21.90   0.4885    18.00     2.00     0.00    16.00     0.00  -6.8608e+00  1.0289e+00  9.6636e-01  0.00                  0.2514    0.2566    0.2276
Rh    45,45      50.00      2.9192       24.88     2.528  1.402           -13.314374     -5.550793    13.4637     82.70    580.05    211.84      414.26      82.30      27.64   0.4890    18.00     2.00     0.00    16.00     0.00  -6.6366e+00  1.0675e+00  9.9622e-01  0.00                  0.2611    0.2681    0.2322
Rh    45,45      75.00      2.8727       23.71     2.488  1.402           -12.860456     -1.763592    14.4632    117.41    691.72    253.62      500.29     111.01      37.31   0.4877    18.00     2.00     0.00    16.00     0.00  -6.4319e+00  1.0845e+00  1.0109e+00  -0.00                 0.2656    0.2748    0.2349
Rh    45,45     100.00      2.8343       22.77     2.455  1.402           -12.350896      1.860602    15.3351    140.94    782.13    289.28      568.40     134.81      45.33   0.4868    18.00     2.00     0.00    16.00     0.00  -6.2355e+00  1.0946e+00  1.0215e+00  0.00                  0.2693    0.2799    0.2370
Rh    45,45     125.00      2.7807       21.50     2.408  1.402           -11.396742      5.378391    16.6381    188.76    935.74    348.25      686.75     176.96      59.55   0.4857    18.00     2.00     0.00    16.00     0.00  -5.9132e+00  1.1004e+00  1.0338e+00  0.00                  0.2737    0.2863    0.2398
Rh    45,45     150.00      2.7734       21.33     2.402  1.402           -11.242823      8.729743    16.8227    199.34    959.80    355.48      706.31     181.83      61.19   0.4857    18.00     2.00     0.00    16.00     0.00  -5.8650e+00  1.1003e+00  1.0351e+00  0.00                  0.2743    0.2870    0.2402
